50 100
4 35
8 44
36 37
20 43
28 8
12 31
48 20
18 30
43 6
42 2
35 15
18 12
6 43
36 27
28 2
27 10
33 6
13 40
32 41
40 5
30 24
27 32
25 29
46 28
50 47
19 39
40 43
29 42
42 18
42 33
32 4
17 13
31 21
8 26
4 29
49 38
5 16
42 13
41 3
30 40
15 6
17 3
38 23
38 36
5 37
20 34
22 37
27 42
42 14
47 39
43 46
23 12
16 24
1 33
14 22
1 2
8 14
15 5
44 27
24 28
18 29
44 49
41 4
39 49
5 22
19 10
45 14
7 32
47 23
2 7
3 13
34 40
39 24
29 21
7 18
43 32
11 26
21 11
46 41
29 15
45 42
40 25
13 1
9 46
40 44
21 22
37 17
16 9
3 50
39 18
46 6
7 4
44 45
9 48
10 19
42 1
15 9
6 27
20 15
28 44
