100 300
63 61
28 62
41 2
47 35
57 48
67 30
97 81
48 1
36 57
60 52
2 67
50 60
57 20
39 17
55 44
40 14
27 55
53 21
38 40
37 48
28 48
60 29
45 39
57 56
56 48
54 48
83 94
16 32
4 57
31 10
31 19
46 9
43 19
15 49
31 60
67 24
61 17
11 63
18 46
29 11
28 53
27 39
41 11
65 6
55 15
62 5
38 15
12 59
1 31
17 18
47 28
13 23
2 28
17 39
10 51
78 89
3 1
52 1
30 39
19 34
52 60
33 9
20 37
18 62
23 56
65 1
21 24
34 48
66 6
48 5
29 40
18 66
60 41
45 25
97 71
61 53
51 5
3 11
6 57
53 10
61 10
23 65
41 50
12 55
68 62
23 50
5 67
64 1
54 52
35 25
50 35
23 63
1 53
37 6
3 55
9 40
17 11
32 45
39 7
55 34
43 64
9 61
67 18
23 40
69 86
5 11
4 47
69 89
74 95
47 59
46 10
36 18
14 19
37 12
63 6
1 15
64 49
8 49
88 77
15 7
46 14
30 53
18 67
51 10
39 57
62 45
36 32
59 23
24 40
13 34
8 55
59 24
36 33
56 59
12 64
54 15
53 61
23 52
40 30
45 50
73 76
42 1
32 36
6 27
73 69
54 33
18 11
33 11
31 33
22 67
8 66
10 48
51 58
64 36
24 13
63 47
3 21
58 7
37 53
40 6
9 18
23 59
38 58
69 92
34 49
42 2
24 9
22 20
30 33
4 60
2 19
67 22
100 76
47 20
59 44
24 47
47 1
37 46
60 47
51 57
42 59
65 7
4 24
33 39
66 26
2 62
13 53
37 8
52 45
15 22
65 3
55 48
50 46
20 67
18 32
32 46
14 57
17 23
20 61
33 47
6 52
53 31
52 9
84 82
20 50
9 55
1 62
6 5
70 83
28 50
10 5
60 68
40 2
27 20
57 51
28 22
28 30
41 17
19 67
60 59
1 7
33 42
7 43
46 2
61 58
56 34
57 10
1 57
63 26
38 43
11 44
19 26
27 57
34 11
49 40
41 35
36 14
23 12
58 62
32 37
22 40
43 15
56 21
21 13
28 19
60 56
56 8
29 18
3 54
2 9
8 1
63 46
54 26
11 60
51 46
89 90
28 52
59 68
66 17
6 22
28 33
31 1
50 43
6 33
55 57
37 30
5 30
15 56
20 51
64 47
41 67
42 45
57 19
21 66
8 30
15 38
9 60
43 53
25 34
7 64
53 50
19 49
22 35
5 41
53 47
9 46
8 34
64 57
62 20
10 45
15 61
33 26
59 42
36 44
65 41
15 12
58 11
5 48
10 64
84 80
