100 400
25 16
23 51
47 54
96 77
59 51
36 87
9 62
68 6
79 83
68 20
62 38
18 71
40 3
17 51
61 19
60 29
49 53
93 92
94 88
48 17
79 27
35 76
95 81
82 92
4 35
9 82
8 15
25 72
17 18
44 14
9 52
72 86
45 15
99 94
100 80
13 38
80 22
29 76
85 31
27 100
42 52
78 67
1 96
68 52
41 81
11 16
50 45
62 21
35 96
98 30
22 79
6 13
48 27
58 7
62 100
99 16
26 44
88 84
22 62
52 44
33 54
88 49
19 7
34 32
7 37
4 67
1 71
43 24
78 87
40 67
62 58
30 67
90 64
99 17
61 31
21 80
52 18
45 23
70 69
53 19
18 87
25 48
99 25
21 58
95 71
91 75
77 16
22 36
55 14
54 50
9 81
33 60
17 22
62 82
45 1
17 38
66 60
4 33
83 17
23 8
71 14
86 46
11 88
22 41
63 56
37 53
43 79
71 40
70 48
99 56
97 24
76 46
74 10
56 35
33 68
29 22
93 76
15 39
79 9
77 9
51 42
23 77
4 43
96 74
48 69
11 75
59 53
86 79
51 91
84 43
23 44
30 49
16 52
45 77
20 90
85 20
42 75
62 14
63 15
94 75
83 98
47 72
12 30
80 77
52 14
14 92
38 42
28 55
27 57
16 2
64 12
77 28
69 56
86 70
8 59
11 38
92 50
62 47
95 7
63 46
59 6
17 76
81 76
94 50
50 43
47 81
52 26
66 70
63 18
100 99
73 22
74 21
21 63
95 88
81 20
59 10
68 23
49 67
97 73
53 80
16 15
92 60
44 40
39 46
70 74
44 59
21 97
19 81
70 63
76 38
92 72
12 31
77 39
69 90
75 59
40 51
73 31
49 70
1 11
23 88
2 55
10 69
100 28
6 10
11 67
81 88
37 79
37 85
8 60
32 41
47 19
46 9
11 89
42 41
38 83
1 67
34 19
17 41
66 41
84 20
90 73
30 8
84 7
96 31
86 6
18 65
8 78
48 11
18 76
10 88
33 90
91 92
3 1
66 4
39 100
20 42
71 94
56 55
90 32
30 45
19 99
59 55
7 21
90 59
89 49
21 2
95 15
38 89
93 56
92 32
71 22
84 14
13 54
62 12
61 28
55 74
86 12
1 16
66 94
24 5
43 64
41 80
35 9
100 9
4 1
75 16
5 4
8 80
53 58
77 13
6 11
97 78
56 9
8 42
66 1
90 2
30 43
4 58
83 44
5 59
36 85
60 58
92 12
65 33
93 29
67 34
93 47
29 72
83 15
13 47
87 40
85 8
40 83
62 10
48 71
100 35
92 64
50 52
58 89
39 9
43 74
44 84
75 4
50 14
7 78
28 8
27 48
76 18
78 53
7 10
21 39
29 58
42 2
88 40
9 33
55 43
88 91
10 38
31 49
77 71
83 12
57 1
65 92
3 93
9 24
39 40
25 97
97 60
94 78
48 93
17 13
19 57
89 98
4 2
37 54
56 94
22 56
21 32
20 24
62 80
81 99
20 6
78 54
88 85
27 18
84 27
31 75
28 95
54 66
85 26
6 75
99 11
51 98
8 61
13 8
12 16
42 86
21 82
33 88
95 72
2 9
99 23
45 79
59 83
51 46
22 51
82 80
53 63
25 84
15 3
19 10
57 41
38 45
52 87
24 72
91 52
13 77
11 37
99 74
31 48
30 7
33 5
38 34
60 27
15 100
80 24
61 26
38 4
33 75
48 4
5 2
18 69
91 76
14 97
71 68
50 6
82 60
23 70
24 32
46 55
