100 400
96 90
27 46
86 90
61 76
57 20
100 94
89 94
38 40
93 90
94 88
83 85
60 81
84 95
85 87
56 58
98 97
95 98
98 91
88 93
90 95
99 83
85 83
92 89
63 7
93 83
83 90
90 99
95 93
87 96
86 84
87 94
57 8
62 39
99 88
28 68
11 4
99 89
83 99
90 84
85 89
92 100
79 61
97 95
55 33
89 91
71 31
91 93
93 95
85 98
92 99
95 89
98 100
96 92
59 64
86 88
78 37
99 96
98 94
68 33
89 92
65 76
88 100
82 38
93 88
83 87
84 89
94 96
96 83
86 83
98 89
61 67
88 95
11 43
77 67
98 99
90 93
99 85
92 91
13 11
94 98
83 92
14 48
90 97
87 98
84 96
85 94
87 88
100 96
97 98
88 96
18 29
99 90
100 84
81 19
86 93
75 37
96 97
14 37
84 85
55 8
25 77
97 93
51 73
43 36
100 83
61 3
91 95
47 80
94 85
95 91
84 92
62 68
95 97
28 37
2 80
99 98
97 86
98 92
88 90
100 90
91 84
92 94
81 39
19 69
93 86
94 92
83 89
90 100
84 91
26 50
91 96
22 52
46 49
70 82
23 49
87 93
90 91
99 87
30 73
31 69
92 85
13 9
45 4
83 94
84 98
95 87
87 90
93 99
100 98
97 96
60 49
34 60
97 90
55 43
99 92
100 86
37 59
89 86
91 88
92 96
89 98
79 19
96 99
94 86
86 99
87 83
84 87
96 89
6 31
97 83
88 85
70 18
89 95
90 87
60 28
41 75
55 79
72 7
88 97
95 94
93 91
94 91
84 94
98 96
77 18
86 92
99 100
41 25
97 84
48 76
90 94
92 88
93 84
44 76
83 91
90 98
19 45
94 100
91 98
96 87
86 87
87 95
24 79
90 89
17 51
92 87
89 83
39 62
83 96
21 78
95 92
85 90
88 87
87 84
93 97
77 30
97 88
99 94
31 76
68 57
89 84
81 23
85 99
92 98
89 96
57 79
86 97
28 12
96 91
99 97
65 49
45 8
100 95
89 93
90 85
73 34
85 84
74 57
91 83
88 99
51 25
93 89
94 89
83 84
84 88
94 99
96 84
98 88
17 38
66 43
90 92
87 97
92 90
83 93
90 96
4 13
87 99
85 95
91 100
36 75
87 89
97 99
98 83
79 55
69 13
99 91
35 2
37 24
85 86
83 98
73 24
85 88
95 83
87 86
97 100
97 94
52 4
89 90
63 52
91 92
93 94
85 97
84 83
96 93
66 26
86 89
97 87
98 95
88 89
49 67
90 83
36 11
91 85
92 93
75 54
93 87
94 95
83 86
49 70
87 100
84 90
35 66
91 97
53 59
60 74
57 34
34 30
99 84
92 84
95 99
83 95
85 96
84 97
85 93
32 71
47 50
95 84
87 91
93 100
98 90
100 97
64 58
97 91
99 93
100 85
92 83
89 87
86 100
91 89
83 100
26 7
89 99
96 98
86 98
84 86
96 88
40 20
97 92
96 94
47 15
88 84
100 92
13 34
89 88
90 86
53 66
63 54
91 94
86 94
51 20
93 92
89 100
94 87
95 90
14 79
96 95
77 19
86 95
97 85
98 93
88 91
100 91
74 34
91 87
92 95
75 40
93 85
76 51
83 88
84 100
47 55
87 92
98 84
86 85
58 39
90 88
71 14
99 86
92 86
62 11
83 97
39 21
84 99
85 91
95 86
87 85
100 99
97 89
75 73
99 95
100 87
13 39
89 85
69 61
77 36
94 97
92 97
89 97
96 100
86 96
