500 1000
293 222
204 34
282 85
191 189
15 114
346 216
288 313
108 474
154 2
240 278
3 412
422 120
423 74
53 102
272 306
227 150
203 107
248 81
220 362
133 268
134 138
149 162
373 301
16 9
82 179
436 102
315 485
274 115
130 196
51 181
143 333
314 475
396 235
275 6
72 142
468 117
336 232
266 261
449 271
494 91
134 436
63 278
152 408
144 85
18 284
2 482
339 311
141 36
454 90
93 314
148 398
481 244
444 152
42 31
405 25
426 293
310 484
36 210
301 355
478 374
87 223
285 257
264 115
318 138
298 308
372 211
51 269
354 472
278 315
230 453
308 176
56 201
36 426
440 104
188 176
301 105
197 423
126 279
50 356
77 18
58 72
391 329
404 188
462 494
460 170
326 282
213 146
305 401
25 177
209 146
277 473
125 150
170 224
100 338
345 377
192 465
266 437
136 456
414 432
415 322
171 213
442 285
97 161
99 392
304 453
159 132
496 195
86 463
224 300
481 179
210 348
430 323
161 45
103 215
497 164
316 126
58 216
385 376
211 124
463 372
312 134
235 130
384 491
448 231
10 7
294 407
46 95
480 484
230 443
303 339
319 405
157 212
63 65
302 444
341 410
355 32
167 443
234 186
157 459
178 413
256 64
215 10
465 247
111 307
23 344
139 38
500 208
303 397
400 69
306 313
146 16
421 159
287 462
37 423
58 226
149 264
233 477
24 184
476 238
91 414
23 219
113 464
349 354
47 154
453 446
24 94
425 128
262 359
356 83
307 464
145 477
379 274
356 366
403 2
8 7
184 150
86 203
90 205
452 468
436 302
128 246
222 306
371 445
417 474
99 215
267 98
340 318
241 321
161 421
173 199
199 156
175 360
254 428
255 485
275 147
135 195
475 280
334 324
369 139
28 278
329 394
102 25
340 425
268 446
249 340
61 67
314 301
480 488
354 144
177 392
486 146
338 175
210 119
45 26
387 318
61 331
22 100
98 173
6 311
416 347
145 173
163 398
405 249
500 204
70 481
281 95
232 297
475 390
238 166
470 275
184 248
245 72
397 489
176 348
437 236
180 27
455 99
109 194
237 397
98 489
116 234
227 395
483 350
484 336
339 120
126 124
127 259
166 109
88 385
257 480
100 84
395 44
407 462
81 367
462 299
138 421
344 272
279 80
73 237
12 186
216 379
153 230
11 419
168 287
405 478
82 189
30 330
87 450
218 170
66 280
209 18
496 326
65 140
111 387
201 163
221 373
218 418
359 20
169 254
243 470
280 332
356 223
339 1
467 52
488 299
108 47
336 42
337 188
380 265
316 279
281 143
92 41
348 191
74 216
220 100
146 412
204 330
369 45
439 364
227 219
71 386
422 174
98 279
283 212
310 152
295 204
48 30
185 248
458 202
224 45
280 292
110 314
176 469
16 404
145 237
294 81
305 411
477 123
347 137
372 161
174 50
28 190
284 363
212 248
362 173
241 267
140 345
19 421
76 197
384 128
426 20
259 228
400 332
239 406
161 107
210 332
189 275
140 397
271 35
251 498
446 250
32 466
160 7
383 300
383 24
105 135
398 239
302 137
428 86
432 17
137 493
72 248
360 455
402 142
479 68
403 39
375 183
337 148
480 81
411 39
35 44
95 255
229 360
81 338
213 217
364 367
379 494
327 461
99 267
348 419
9 23
257 122
318 351
228 278
5 448
105 146
320 318
416 451
490 131
218 268
297 231
162 263
214 34
198 168
394 145
196 138
428 5
33 78
487 39
266 185
187 83
296 41
314 456
243 290
438 56
424 274
229 256
112 27
394 352
323 154
74 466
17 302
190 472
412 275
201 295
37 382
368 454
222 125
17 429
281 383
74 76
120 483
297 427
239 200
261 46
188 42
203 271
118 33
376 52
212 430
351 75
467 242
223 296
30 451
203 92
27 428
227 363
115 98
342 258
497 209
486 342
416 329
272 389
96 99
186 294
33 222
208 115
388 11
80 427
113 467
434 249
292 435
450 447
219 466
307 68
197 371
52 93
117 293
178 447
469 337
290 14
395 172
59 107
100 93
244 365
89 110
81 147
368 197
134 488
206 220
337 477
228 207
413 319
434 91
180 87
175 170
185 320
254 106
225 233
195 71
119 492
309 145
177 78
420 233
182 4
172 455
495 245
21 317
40 147
303 8
74 148
460 23
321 43
156 312
151 196
335 460
28 305
72 66
68 497
226 97
374 157
96 465
259 127
430 367
173 413
490 119
93 463
198 431
471 434
167 361
148 346
181 331
377 100
317 467
20 440
224 418
367 316
144 437
477 88
340 130
316 346
106 438
324 1
450 433
433 18
353 409
353 76
49 146
369 106
69 273
260 495
346 360
389 141
383 20
128 171
445 39
487 304
183 335
461 436
168 464
467 382
296 388
397 87
400 22
72 321
350 457
97 132
310 19
60 307
284 155
287 275
92 77
344 438
293 476
331 25
452 175
275 21
209 242
422 356
23 318
99 140
50 12
64 182
118 261
431 289
419 415
44 127
196 66
89 392
437 275
473 61
433 328
274 54
330 484
119 177
321 250
291 225
251 428
14 161
31 76
493 401
150 434
127 88
221 387
82 159
373 248
67 376
158 169
263 270
57 478
499 388
39 17
498 241
79 449
500 310
131 412
430 224
13 264
90 251
238 354
491 192
18 429
492 193
41 22
425 316
409 77
319 295
51 406
450 165
286 370
217 97
151 62
25 228
466 160
1 269
147 474
83 223
265 164
126 267
352 240
98 143
226 485
478 192
473 202
433 5
384 187
202 108
290 51
335 377
227 139
499 51
124 136
459 378
87 399
162 121
439 152
139 333
78 94
65 213
253 402
379 270
288 116
366 243
452 466
376 5
122 60
447 335
423 211
403 121
121 33
108 299
32 137
468 306
269 88
129 239
71 40
26 13
455 393
162 119
283 161
142 464
121 146
181 138
332 229
102 500
386 272
317 66
62 52
118 124
110 73
14 418
354 486
365 15
393 365
365 226
428 459
317 264
194 304
59 281
97 206
355 27
90 476
38 375
9 380
148 274
151 76
41 398
205 381
247 409
357 477
496 103
392 356
47 219
117 180
235 57
273 326
20 227
267 325
92 170
418 199
377 277
322 108
327 209
183 315
125 165
58 217
378 210
135 436
498 416
62 122
410 353
217 223
478 105
307 292
385 273
317 413
360 120
245 292
277 255
119 37
31 185
308 377
451 292
445 133
472 276
145 338
171 448
401 28
156 476
284 246
394 473
173 251
443 167
299 218
333 349
381 163
264 241
281 110
126 82
470 337
240 90
450 487
197 31
81 422
397 104
418 137
165 491
6 447
258 358
61 284
464 215
432 188
101 14
430 442
291 188
138 129
114 479
411 9
138 356
270 267
193 55
396 353
361 431
207 54
225 153
250 343
170 341
311 245
217 450
387 433
325 66
459 435
4 214
107 211
276 439
60 356
247 304
261 421
3 333
288 238
47 94
382 158
36 154
414 369
240 96
383 384
252 338
421 415
351 391
276 344
223 51
351 14
122 118
254 439
28 488
67 8
378 168
306 198
123 149
322 483
120 64
484 126
155 416
72 163
358 327
20 248
275 68
427 253
84 480
137 43
84 361
231 458
146 306
391 203
104 283
491 409
22 95
132 62
325 323
444 293
391 366
192 399
14 446
110 441
72 266
432 416
363 270
228 181
423 331
211 266
485 290
226 53
428 227
406 286
204 398
34 63
191 144
307 155
429 293
80 374
85 260
334 74
436 73
107 484
8 368
406 159
483 174
102 302
248 403
355 473
424 492
147 464
284 151
263 490
498 452
434 68
412 341
432 405
185 116
179 278
41 101
465 175
66 103
457 334
478 416
161 109
183 118
7 420
362 425
425 432
482 262
377 46
219 126
494 84
35 400
313 424
307 107
462 221
95 476
220 373
296 248
255 488
94 469
10 499
105 22
319 17
235 320
289 70
300 329
387 138
236 104
147 113
469 128
132 111
326 365
200 170
173 464
150 403
264 168
328 391
459 21
160 265
399 496
14 232
80 234
105 346
495 252
47 312
216 135
397 462
427 44
357 363
37 498
331 342
56 4
23 372
393 61
274 309
189 207
397 267
126 91
372 346
55 69
8 118
29 3
104 415
344 430
408 291
453 79
480 415
464 57
479 288
201 172
317 125
18 416
276 4
293 112
440 59
351 431
394 82
118 19
474 8
54 40
390 141
80 468
472 385
243 225
489 178
209 420
471 190
138 196
441 383
350 67
28 287
5 463
53 197
337 208
456 48
99 323
365 289
239 150
353 441
234 465
32 89
174 471
491 348
101 24
75 29
144 65
43 417
48 277
499 311
195 305
220 454
458 329
474 303
164 106
147 50
452 348
477 253
103 443
323 298
242 49
336 357
229 142
369 88
370 86
225 102
494 462
99 442
424 357
424 186
482 423
426 246
244 281
143 471
306 130
343 476
91 367
340 383
452 302
490 149
398 58
10 219
121 129
142 354
435 148
22 160
246 189
322 396
