500 1000
59 183
297 323
334 383
258 252
5 390
490 464
460 422
466 420
456 457
278 324
113 24
60 174
409 423
425 455
230 371
139 71
443 489
500 451
224 312
474 451
163 50
266 217
284 232
198 188
239 157
390 205
323 250
90 332
12 259
449 486
304 223
417 469
461 463
465 449
308 253
493 491
436 487
17 406
455 407
487 459
450 478
373 270
414 444
27 248
37 44
476 483
26 67
435 443
429 487
175 43
97 339
385 220
282 10
113 77
443 485
416 500
156 229
483 466
29 327
442 480
454 417
449 494
444 472
445 415
225 338
161 230
215 47
372 360
484 457
479 433
154 243
75 330
412 414
393 201
77 336
483 469
248 121
431 436
335 125
6 205
15 201
271 109
415 437
451 475
173 96
410 492
130 327
87 37
443 475
193 154
302 292
409 440
74 262
296 178
445 455
462 472
302 270
459 408
398 148
348 377
483 494
424 450
478 411
488 440
210 48
352 217
347 367
241 288
119 392
129 305
68 141
173 337
133 111
378 395
39 75
159 117
202 291
470 480
471 466
362 148
449 422
95 226
499 422
100 296
362 45
224 205
314 252
19 110
441 481
401 55
213 154
449 455
272 167
443 438
331 301
319 331
482 494
365 68
376 240
179 271
223 186
252 72
12 237
494 417
347 356
114 41
248 373
492 494
411 486
117 22
454 489
242 378
262 377
205 359
48 378
86 203
287 387
191 177
474 493
5 72
325 67
41 346
124 274
468 471
420 425
341 96
493 497
194 191
167 365
383 48
409 428
411 451
24 153
57 109
320 208
251 196
39 386
165 32
448 483
343 68
7 387
16 272
366 336
322 361
223 329
459 450
451 445
487 423
91 397
475 423
354 182
457 452
73 210
312 68
175 207
300 264
147 40
144 385
446 498
425 462
215 291
178 399
298 205
459 425
483 496
447 438
344 239
393 343
482 439
416 491
384 260
72 356
480 445
345 137
359 393
107 176
202 360
453 459
462 458
262 11
489 424
492 454
344 335
464 438
481 500
449 419
426 448
10 90
116 101
428 469
361 275
78 55
5 381
44 131
335 380
293 260
425 465
242 364
93 136
481 471
385 213
428 460
103 263
414 438
90 223
180 138
7 158
234 315
200 103
382 190
427 472
438 417
181 167
408 447
397 203
246 20
206 337
298 222
441 478
182 45
407 435
430 484
364 167
493 499
429 415
389 196
307 47
435 473
468 425
478 497
270 245
424 462
355 144
421 437
108 120
10 220
408 468
285 326
489 443
226 179
462 409
389 312
39 281
388 23
222 37
212 204
191 158
478 454
76 105
19 337
428 481
402 265
200 279
178 98
402 24
140 76
20 235
468 458
252 271
380 308
473 462
474 452
333 63
398 296
340 379
156 401
497 458
195 193
224 45
455 434
488 410
52 60
166 344
404 51
465 457
316 173
477 431
152 405
294 261
484 477
193 249
460 482
40 277
260 111
482 459
390 149
479 492
199 243
274 198
99 316
443 491
295 145
461 443
17 102
290 229
305 59
499 482
94 281
221 16
48 134
38 137
18 286
138 38
411 461
480 453
494 435
398 1
155 113
371 300
33 234
347 383
490 409
158 71
151 281
167 333
394 161
61 254
395 53
377 57
352 256
205 50
405 37
130 376
444 424
422 437
307 149
101 196
481 454
187 213
158 130
425 470
259 8
28 194
90 69
410 421
10 20
487 490
350 100
416 451
48 140
244 273
161 233
375 252
256 136
486 498
278 151
265 324
473 484
411 471
100 4
140 5
481 499
282 196
493 488
412 410
191 181
70 111
498 437
19 296
293 393
473 432
95 125
107 331
494 484
421 459
371 359
198 385
485 434
427 474
437 424
451 444
327 158
326 56
152 204
320 232
442 466
380 319
424 493
107 103
43 354
450 491
414 466
469 424
7 106
51 173
267 306
114 382
295 72
478 448
288 22
488 496
462 415
296 215
424 428
72 117
46 65
269 38
423 460
221 216
455 491
230 401
417 479
436 415
238 221
345 247
474 472
423 417
488 469
163 29
102 360
123 38
421 461
476 482
173 146
414 464
79 242
175 9
492 445
81 38
428 463
472 448
181 370
273 241
469 435
452 413
174 59
13 396
141 215
136 226
126 124
353 218
285 186
367 216
323 136
107 87
399 200
80 335
104 220
175 228
446 479
441 454
422 479
425 416
117 131
308 381
265 400
407 480
499 462
420 469
494 433
313 380
496 426
466 407
187 257
438 461
454 416
440 452
468 423
291 206
493 467
99 135
492 498
441 412
436 454
351 329
466 496
394 257
227 299
455 493
60 399
499 457
434 498
20 114
251 284
459 429
323 88
432 421
329 20
425 468
162 274
486 463
10 237
306 174
415 464
313 89
412 487
424 488
230 344
153 340
298 187
495 424
224 392
430 459
475 410
252 356
464 426
450 446
100 370
311 65
81 65
434 455
461 476
52 326
432 461
483 475
477 464
469 499
414 442
458 427
444 491
427 476
279 265
119 340
427 486
280 140
410 434
467 464
439 455
98 154
398 87
462 465
167 373
334 53
500 483
233 15
138 185
218 252
294 195
424 497
396 31
226 54
436 499
429 446
105 197
37 119
465 463
65 406
226 169
71 221
484 415
250 291
25 64
266 303
312 305
142 175
432 474
219 325
238 227
471 454
16 333
398 246
499 466
157 211
63 51
417 475
337 193
223 154
457 439
123 135
231 213
493 446
419 423
473 455
408 479
145 207
254 251
437 500
439 429
83 307
52 56
112 168
454 410
427 467
274 391
482 493
135 229
184 77
428 483
471 481
216 257
253 132
403 129
329 185
43 166
490 482
338 13
447 485
45 248
112 100
299 28
224 83
141 282
419 479
442 494
424 477
211 163
236 330
158 260
263 214
276 35
71 397
390 223
258 42
36 109
152 142
498 493
363 405
236 362
305 400
213 371
365 107
396 277
474 410
443 473
184 221
450 425
177 295
132 133
150 364
279 157
489 416
3 5
363 157
274 61
198 87
423 434
463 434
500 466
429 423
80 243
492 479
176 70
10 235
371 275
39 129
6 271
137 393
150 5
231 243
137 48
396 4
235 244
459 468
287 148
479 408
452 468
266 45
281 311
153 144
459 497
299 356
402 169
498 477
21 54
15 160
431 426
362 274
123 266
83 169
314 10
204 60
11 38
194 346
494 491
480 497
495 421
12 33
474 476
410 442
123 28
248 315
475 473
103 158
444 451
214 256
356 173
285 286
177 248
460 414
336 79
284 266
220 186
153 291
251 239
176 204
258 272
486 489
184 272
242 153
68 234
479 496
332 396
417 433
494 422
284 47
389 399
451 412
251 230
129 252
450 414
438 467
170 93
204 214
352 55
311 324
14 226
315 308
398 69
251 149
121 210
58 91
197 109
449 420
259 264
413 471
489 492
162 290
26 71
454 497
246 309
187 221
291 121
202 203
270 37
466 408
278 270
424 414
351 90
393 311
149 137
75 282
264 234
182 101
298 247
487 473
202 191
222 58
225 185
423 499
289 187
82 91
442 412
9 395
113 22
459 475
32 13
362 151
435 442
479 490
429 491
188 75
166 107
7 56
301 175
139 220
242 177
98 170
113 66
26 104
61 135
449 457
185 37
192 189
125 261
278 53
381 294
79 237
188 16
470 411
248 245
401 384
429 418
221 321
237 279
21 43
314 39
410 493
411 489
143 400
180 304
269 183
436 410
111 355
360 43
5 260
463 417
422 428
171 281
203 268
306 181
203 112
407 467
128 251
438 472
482 425
405 342
17 192
202 76
257 36
381 11
117 127
486 430
431 455
478 414
136 250
259 165
306 279
489 483
493 482
323 134
182 283
274 24
266 141
9 387
282 232
365 124
280 333
472 420
69 288
458 471
236 279
348 392
446 455
478 492
422 423
276 113
437 420
225 399
235 320
316 270
394 289
462 449
226 216
24 288
155 220
493 452
435 465
337 93
83 218
188 28
419 463
481 451
16 284
153 365
388 150
41 292
153 8
175 229
499 458
108 72
464 465
457 497
233 65
454 477
263 19
224 334
134 373
40 222
257 28
155 328
410 429
480 467
113 79
154 88
234 222
162 403
163 259
60 112
279 361
241 344
409 475
158 400
487 458
235 373
439 492
481 418
496 466
391 265
441 413
286 58
292 41
421 473
484 453
478 436
472 411
425 419
465 478
333 69
148 395
485 430
87 366
432 469
464 494
205 404
475 445
488 484
331 42
395 321
17 171
68 49
457 444
61 171
442 456
418 461
438 455
499 471
318 114
475 452
487 451
491 433
434 492
411 430
458 486
409 454
69 120
347 365
160 235
43 116
345 33
44 263
453 439
141 342
489 473
254 18
169 333
229 164
142 266
303 216
271 247
448 491
461 430
39 379
432 410
63 186
36 172
211 172
478 477
207 50
326 182
434 477
34 376
94 345
314 396
446 429
8 100
102 393
70 50
419 407
370 185
467 452
363 227
181 360
474 482
333 230
414 496
461 434
410 445
442 428
432 424
138 130
