50 100
14 17
12 11
13 4
18 4
15 1
17 25
1 11
23 7
3 24
11 5
10 7
14 1
15 4
13 20
20 4
4 10
10 13
20 19
10 23
15 24
24 11
2 17
34 41
48 30
3 18
6 13
20 3
7 22
3 17
10 3
34 46
12 13
1 16
24 5
21 8
18 16
23 6
15 12
19 17
11 9
7 18
13 19
3 5
2 7
43 40
14 25
11 3
9 23
14 12
11 20
17 12
24 12
13 9
19 1
25 9
40 36
18 22
7 11
11 19
1 20
25 23
24 9
13 12
20 12
1 25
25 4
8 10
19 21
50 32
18 2
1 4
2 3
9 6
21 12
16 5
50 37
22 18
23 4
4 18
12 5
19 15
13 8
16 24
5 12
8 20
6 25
6 22
32 34
12 21
18 13
3 13
1 13
22 15
2 10
9 10
6 19
21 25
17 9
24 7
23 13
