50 200
29 31
14 4
16 39
13 17
26 11
38 27
50 26
34 8
30 23
47 20
42 15
12 28
50 12
2 47
17 18
47 22
44 14
24 49
16 18
4 43
26 43
44 11
41 9
21 19
46 29
37 3
1 21
25 16
7 21
46 16
17 29
5 50
45 5
43 29
32 6
14 33
35 43
41 50
49 6
20 47
26 44
39 41
29 49
45 44
8 45
1 44
14 5
12 13
48 2
33 40
14 47
21 5
40 48
29 26
35 3
9 20
7 1
41 25
31 17
21 30
42 23
18 6
46 14
37 22
43 18
15 48
18 32
30 50
43 40
50 24
25 26
24 25
22 27
4 44
36 25
15 9
19 1
36 47
41 44
40 36
28 18
2 29
35 33
17 38
32 26
10 48
34 21
8 35
45 27
40 8
6 12
7 11
19 11
24 9
40 46
18 12
31 36
21 1
11 34
10 38
8 10
47 1
45 17
33 6
49 25
38 45
29 3
19 32
12 3
42 8
47 45
20 22
43 5
42 7
39 6
20 1
44 6
1 4
24 26
48 22
3 9
2 3
26 4
39 28
43 44
17 49
30 6
35 2
26 46
5 45
29 32
28 40
1 18
23 46
47 29
37 21
35 38
17 26
7 16
21 7
45 10
24 41
19 41
34 28
37 49
39 3
22 37
21 35
27 42
17 3
41 30
23 5
12 16
39 8
21 13
28 19
34 39
41 32
6 50
28 30
18 34
42 39
34 50
45 26
13 21
40 9
37 15
27 36
40 28
5 22
19 10
27 41
47 30
40 47
46 22
27 23
1 24
42 30
41 46
1 33
23 29
48 29
10 44
32 11
10 1
31 3
38 49
3 36
15 17
38 4
12 15
36 28
6 38
17 30
47 10
50 15
18 29
7 34
8 27
6 46
