50 200
6 9
12 1
10 17
7 12
47 35
13 4
39 46
22 19
13 17
35 41
43 20
2 5
1 11
24 42
5 8
39 36
44 28
6 7
11 5
10 7
26 32
12 6
29 28
15 11
19 25
12 17
22 44
18 20
8 15
2 6
9 14
49 44
49 28
4 5
9 3
4 16
14 15
12 11
21 18
40 35
18 25
33 23
48 30
4 15
19 49
2 11
10 14
6 13
22 50
14 8
12 8
40 32
38 31
3 11
2 1
1 15
8 9
39 30
4 12
5 1
10 3
12 2
14 5
33 37
12 13
1 16
16 4
38 21
29 43
1 5
33 40
3 6
18 24
1 10
8 6
4 1
9 7
41 26
5 4
11 4
10 4
7 1
36 43
17 1
15 10
14 6
31 34
48 37
47 33
5 10
4 6
19 38
44 32
9 2
48 35
45 35
11 3
7 4
14 12
17 12
14 3
26 19
3 15
1 3
8 13
39 26
28 29
9 8
5 13
19 37
10 15
6 2
11 14
16 14
14 9
26 25
17 15
15 12
37 46
13 12
31 36
3 10
18 27
4 13
18 38
3 16
15 17
6 15
12 3
11 13
17 5
7 14
12 14
17 10
43 22
38 25
2 3
1 9
8 7
2 14
10 5
6 8
5 16
43 40
29 23
29 48
1 7
19 21
43 38
8 4
49 18
4 7
10 11
9 1
39 33
5 6
11 2
16 2
35 18
15 8
47 39
12 16
17 16
3 14
35 37
16 1
29 18
9 15
8 1
25 39
6 3
50 47
11 1
9 17
7 10
31 25
36 31
32 34
50 41
1 13
48 29
9 10
45 29
10 1
39 43
19 20
16 12
11 17
31 18
15 2
33 46
3 8
20 21
45 32
4 3
19 45
2 15
40 29
20 46
11 6
