50 300
6 9
17 20
6 32
25 15
19 50
5 11
46 45
27 39
26 37
41 11
5 21
8 38
15 1
46 23
29 37
35 46
9 39
40 35
46 10
44 14
23 28
12 39
18 36
44 36
34 3
48 50
26 24
24 8
38 8
37 16
39 13
4 12
26 49
15 36
29 4
28 12
21 46
4 42
50 48
41 15
40 42
29 43
14 19
17 24
41 43
36 35
44 16
42 32
32 3
37 34
10 4
48 41
12 7
45 47
26 30
27 31
14 40
3 5
2 7
24 40
2 50
22 49
30 2
19 27
7 4
4 44
19 12
2 44
7 17
5 33
20 15
32 23
46 11
11 39
17 38
23 31
47 2
10 48
43 34
45 27
34 37
50 42
12 20
27 20
48 28
27 10
30 5
40 5
29 48
28 43
43 5
16 30
10 44
45 7
43 27
7 49
37 33
14 29
50 37
24 16
14 7
12 19
43 40
2 25
50 10
49 18
46 50
3 42
21 7
47 42
20 8
28 45
17 16
9 23
22 31
21 13
35 37
17 37
16 43
16 24
44 27
6 47
38 33
37 39
10 12
18 49
10 27
12 10
10 22
14 39
23 30
3 30
24 35
19 35
21 44
30 44
20 23
35 42
9 35
32 18
32 5
34 24
23 13
11 6
9 26
24 4
48 20
26 6
15 47
31 21
31 50
1 45
32 24
46 26
35 28
18 37
34 19
35 10
12 11
31 42
42 3
29 1
3 18
50 28
40 7
21 43
3 39
27 34
1 43
4 32
17 8
7 21
42 16
32 19
40 32
46 7
18 26
17 34
23 12
44 41
15 26
37 9
15 23
4 26
12 13
36 18
49 3
39 16
13 29
15 46
17 15
29 7
3 44
1 44
7 1
5 17
20 31
2 43
16 23
22 46
19 2
9 43
42 27
28 3
31 34
29 46
18 21
41 38
6 48
11 45
43 39
33 24
35 13
9 2
34 10
21 18
14 12
11 20
12 23
1 30
49 4
13 22
48 31
1 21
19 48
1 48
3 21
26 40
25 32
30 31
5 28
9 44
42 2
6 36
16 36
17 33
32 10
15 17
36 19
24 6
13 15
1 4
25 7
14 44
13 28
26 4
29 25
43 29
42 47
26 46
46 37
20 24
48 4
22 47
46 24
17 21
29 23
8 49
7 43
18 32
9 12
42 34
12 47
45 23
13 46
37 14
25 27
15 8
13 8
3 14
26 15
39 21
3 20
26 36
6 22
17 14
40 47
30 27
18 13
31 39
46 5
45 3
34 40
41 35
23 14
10 1
38 49
45 42
7 27
49 41
13 1
32 8
25 17
15 2
39 1
38 11
27 18
26 5
36 11
34 44
