50 300
39 46
50 46
10 17
25 31
6 28
21 28
11 28
48 43
50 49
7 25
27 17
1 6
49 45
37 33
21 6
36 34
26 6
32 2
5 8
41 33
39 36
43 42
6 26
31 8
37 48
11 5
34 43
15 30
31 5
46 39
45 48
16 22
6 25
12 17
18 9
17 23
22 28
12 28
2 27
8 15
13 29
4 10
30 11
8 2
37 38
19 4
43 41
8 21
4 16
47 37
15 19
39 48
30 16
11 21
49 38
16 19
31 21
13 10
20 14
48 42
32 22
13 23
2 28
26 1
8 12
29 26
24 6
5 14
35 41
8 18
48 47
29 14
49 46
21 24
20 16
25 16
12 27
6 4
26 23
37 36
13 26
2 1
8 9
37 47
28 1
9 4
8 28
23 12
44 41
7 2
5 30
12 2
1 13
50 35
21 27
11 31
1 16
25 19
7 24
13 16
12 24
2 23
47 48
30 13
36 35
27 5
44 38
32 3
4 1
28 6
44 35
35 50
8 25
7 20
29 7
10 4
49 39
47 33
20 31
10 19
16 23
29 21
1 19
17 22
7 31
23 27
10 32
26 13
25 3
28 24
8 3
23 5
28 11
9 2
8 22
14 25
32 20
4 17
45 37
49 50
24 25
47 43
38 46
12 4
50 41
6 27
1 30
24 2
36 42
35 34
39 45
40 36
23 31
1 14
43 34
15 32
5 13
42 44
39 37
46 47
16 14
14 9
18 21
24 9
29 22
13 12
27 20
15 11
40 33
35 33
26 3
14 1
32 7
15 12
4 13
3 31
27 10
17 7
44 42
14 23
12 3
48 37
17 5
7 14
31 29
13 2
13 1
25 18
7 27
13 15
1 4
49 33
24 15
38 43
19 9
2 3
5 16
26 27
2 14
17 9
4 29
20 29
10 5
43 49
24 29
31 7
21 32
3 32
46 33
33 48
15 21
29 32
19 5
26 31
17 21
15 6
21 10
42 41
45 44
32 30
26 19
14 32
36 33
6 1
30 12
29 28
30 2
47 41
48 36
5 6
37 49
48 33
9 22
15 31
41 39
46 38
12 5
45 49
15 8
31 23
21 26
25 8
34 33
13 21
2 26
26 15
30 3
28 30
30 9
34 50
36 49
10 12
14 27
30 28
29 12
9 17
7 10
15 3
46 35
19 10
35 37
25 22
40 47
21 19
35 47
1 24
7 32
3 13
18 24
22 15
4 14
32 27
50 47
30 10
26 9
44 45
48 46
38 49
10 28
25 28
16 12
6 19
21 25
11 17
18 3
25 17
20 2
18 14
17 30
22 5
26 5
42 46
19 30
4 3
19 7
15 10
27 4
24 32
5 2
15 1
