100 200
37 69
10 17
51 12
21 75
100 38
99 68
8 90
42 7
44 28
90 48
78 32
72 70
27 1
24 39
56 58
67 87
82 95
63 29
38 56
91 95
56 72
23 64
32 25
59 19
20 42
35 9
34 3
81 44
72 61
78 64
53 46
84 58
28 45
13 66
69 11
91 79
58 93
28 22
27 6
95 77
11 86
44 41
43 51
17 43
26 6
41 22
65 62
40 21
2 49
33 98
39 44
64 14
73 80
62 26
16 85
5 97
6 45
83 70
84 29
79 23
6 20
81 24
92 27
97 13
39 60
88 96
84 49
50 65
39 9
97 53
60 100
78 94
18 88
43 34
83 17
40 74
47 61
89 14
8 95
12 75
47 51
93 46
4 33
28 38
99 56
56 30
79 45
14 100
55 81
49 65
57 12
73 23
53 94
78 12
93 76
83 12
100 50
4 85
84 82
77 84
45 96
16 70
15 22
46 31
3 54
68 8
25 18
24 6
52 7
9 60
31 59
22 73
20 76
85 40
76 74
98 15
79 19
96 99
89 7
56 68
33 57
79 12
9 64
47 55
82 89
80 36
14 62
47 32
97 17
54 37
75 55
62 16
68 67
50 63
26 19
75 67
21 57
94 47
1 57
30 78
64 25
80 30
53 60
99 43
97 47
70 99
12 82
77 28
42 91
30 37
78 35
61 71
57 35
90 51
18 74
1 2
23 83
74 5
40 56
96 53
19 51
36 20
15 35
57 71
99 96
78 58
9 94
89 79
14 67
80 46
85 51
26 15
18 24
67 97
7 46
3 30
26 63
63 45
71 16
45 29
44 43
25 34
82 8
19 97
87 30
86 2
66 92
48 4
48 73
29 41
68 79
91 76
5 52
98 74
18 80
83 25
14 32
69 22
88 10
20 91
