100 200
6 9
17 7
7 12
14 17
8 5
15 14
52 53
21 18
16 3
14 18
47 96
12 6
10 18
17 2
16 9
19 3
15 4
13 20
18 20
3 2
2 6
8 2
4 5
10 13
9 3
1 17
9 16
7 5
5 21
11 21
17 13
16 19
14 2
13 10
14 16
17 18
21 15
21 19
1 12
3 1
5 14
3 18
8 18
6 13
11 15
9 19
16 13
14 8
24 83
7 21
20 3
2 18
3 11
2 1
2 12
9 4
5 1
3 17
6 17
16 7
48 44
18 7
16 10
13 3
19 7
17 11
18 4
21 8
1 10
8 6
11 4
9 20
16 4
6 11
5 17
12 7
10 19
7 18
13 6
20 10
20 12
18 21
79 26
3 5
2 7
93 47
12 18
4 17
6 16
16 1
5 20
18 6
11 20
10 20
17 12
7 17
89 66
20 15
7 6
1 3
10 15
8 19
6 2
11 14
6 12
14 9
1 20
21 20
12 20
76 54
1 14
8 10
2 13
3 16
15 17
12 3
11 13
16 11
14 10
12 14
80 68
13 15
20 1
2 20
4 2
2 14
6 5
16 5
6 8
10 16
7 13
14 7
13 5
20 11
19 5
1 18
56 81
15 6
13 18
20 6
7 16
97 64
19 21
2 4
8 4
4 7
10 11
19 12
23 74
11 2
7 14
14 13
72 52
19 15
17 3
15 8
13 8
12 16
15 5
13 21
3 14
7 4
54 74
2 9
8 1
8 20
11 1
12 10
11 18
17 14
13 11
12 21
2 16
18 13
3 13
8 11
7 1
2 10
5 15
14 20
80 28
19 20
16 12
14 11
13 1
19 9
18 3
17 9
15 2
13 14
20 2
2 21
18 14
21 3
3 8
1 8
4 3
2 15
9 5
10 2
