100 300
30 26
86 87
34 73
65 13
83 46
31 47
47 28
1 83
67 19
50 73
5 54
51 74
12 40
88 73
64 85
94 53
62 8
85 3
98 45
11 27
7 98
54 35
24 39
19 24
26 37
42 25
79 50
34 79
74 96
66 5
29 37
60 51
2 90
58 47
31 38
93 8
54 90
11 8
88 67
98 57
36 29
74 62
19 70
66 72
80 66
7 100
24 46
89 96
91 22
77 23
64 52
19 7
97 81
85 62
29 24
32 3
13 95
98 48
96 32
87 22
50 36
8 42
87 12
67 100
51 63
26 55
30 2
6 20
61 87
41 31
21 14
65 44
70 45
12 20
4 13
2 13
54 53
92 18
4 49
10 44
98 77
23 1
60 44
84 17
53 78
70 36
90 65
36 5
60 10
91 71
82 38
78 96
9 100
1 7
49 13
82 53
26 57
5 85
60 94
28 55
33 51
73 68
3 48
72 69
31 61
30 92
73 6
98 55
96 43
20 79
100 33
48 7
71 65
76 58
71 82
77 59
99 18
77 8
92 19
24 64
40 63
39 89
33 19
87 58
70 22
31 64
62 56
86 21
76 91
47 94
11 28
67 85
56 78
37 20
46 78
43 96
96 97
98 9
64 6
86 80
34 74
24 89
61 66
28 46
33 39
25 66
33 85
53 86
4 82
42 3
30 72
35 31
6 88
36 24
90 41
63 32
99 15
52 22
15 52
17 14
32 75
61 97
1 38
56 55
64 4
77 20
35 81
89 60
79 49
36 93
42 5
64 58
88 39
27 88
32 19
31 37
73 86
85 40
27 77
94 16
43 46
57 2
42 73
6 83
37 9
10 30
75 36
46 5
20 66
16 72
16 91
78 21
18 82
76 61
39 29
36 97
34 81
51 53
20 44
57 63
6 11
58 60
8 61
25 65
11 88
94 4
17 27
62 45
4 64
67 34
66 38
61 40
8 22
89 77
38 57
41 68
55 76
19 63
68 99
39 26
32 88
27 48
35 95
57 64
49 51
21 42
22 27
99 75
3 72
99 92
80 20
4 85
42 59
9 24
14 23
97 33
80 39
44 53
25 29
50 47
49 61
81 43
7 89
74 15
19 57
43 84
69 85
75 82
4 2
78 9
43 50
47 58
46 54
37 73
52 34
67 10
42 24
36 86
45 10
35 24
64 45
88 72
84 22
70 33
48 55
95 59
17 86
47 10
76 42
75 50
82 43
26 15
98 6
100 5
83 71
3 20
57 71
6 3
46 44
29 12
79 51
59 73
8 37
29 38
78 85
98 73
36 59
68 56
82 23
22 84
69 74
53 97
14 45
90 98
28 21
18 80
54 29
93 78
60 90
70 80
